8387
8386
8385
8382
8376
6762
6757
6740
6727
6726
6717
6712
6707
6706
6703
6698
6697
6694
6691
6686
6684
6680
6673
6672
6671
6668
6666
6664
6663
6661
6658
6656
6655
6653
6651
6648
6646
6644
6643
6642
6641
6639
6638
6635
6634
6633
6627
6625
6623
6619
6616
6615
6614
6613
6608
6604
6603
6602
6599
6598
6597
6594
6592
6585
6582
6581
6580
6577
6569
6567
6566
6563
6554
6549
6545
6542
6540
6538
6537
6534
6531
6532
6530
6529
6526
6525
6523
6520
6518
6517
6515
6512
6511
6510
6509
6508
6507
6505
6504
6503
