10918
10917
10916
10915
10914
10913
10912
10911
10910
10908
10906
10905
10901
10900
10899
10898
10894
10891
10889
10885
10884
10883
10882
10879
10878
10877
10875
10874
10873
10866
10865
10863
10862
10861
10860
10858
10857
10856
10852
10850
10847
10846
10845
10844
10843
10840
10837
10836
10835
10834
10833
10832
10830
10829
10826
10824
10823
10822
10820
10817
10815
10813
10811
10810
10809
10808
10805
10804
10799
10798
10796
10795
10791
10789
10788
10783
10781
10780
10779
10778
10776
10772
10767
10761
10757
10754
10752
10751
10739
10736
10728
10726
10725
10724
10723
10722
10716
10711
10709
10705
