[
  {
    "route": "/_app",
    "vector": [
      0,
      0,
      0,
      0,
      0,
      0,
      0,
      0,
      0,
      0,
      0,
      0,
      0,
      0,
      0,
      0,
      0,
      0,
      0,
      0,
      0,
      0,
      0,
      0,
      0,
      0,
      0,
      0,
      0,
      0,
      0,
      0,
      0,
      0,
      0,
      0,
      0,
      0,
      0,
      0,
      0,
      0,
      0,
      0,
      1,
      0,
      0,
      0,
      0,
      0,
      0,
      0,
      0,
      0,
      0,
      0,
      0,
      0,
      0,
      0,
      0,
      0,
      0,
      0,
      0,
      0,
      0,
      0,
      0,
      0,
      0,
      0,
      0,
      1,
      0,
      0,
      0,
      1,
      0,
      0,
      0,
      0,
      0,
      0,
      0,
      0,
      0,
      0,
      0,
      0,
      0,
      0,
      0,
      0,
      0,
      0,
      0,
      0,
      0,
      0,
      0,
      0,
      0,
      0,
      0,
      0,
      0,
      0,
      0,
      0,
      0,
      0,
      0,
      0,
      0,
      0,
      0,
      1,
      0,
      0,
      0,
      0,
      0,
      0,
      0,
      0,
      0,
      0,
      1,
      0,
      0,
      0,
      0,
      0,
      0,
      0,
      0,
      0,
      0,
      0,
      0,
      0,
      0,
      0,
      0,
      0,
      0,
      0,
      0,
      0,
      0,
      0,
      0,
      0,
      0,
      0,
      0,
      0,
      0,
      0,
      0,
      0,
      0,
      0,
      0,
      0,
      2,
      0,
      0,
      0,
      0,
      0,
      0,
      0,
      0,
      0,
      0,
      0,
      0,
      1,
      0,
      0,
      0,
      0,
      0,
      0,
      0,
      0,
      0,
      0,
      0,
      1,
      0,
      0,
      0,
      0,
      0,
      0,
      0,
      0,
      0,
      0,
      0,
      0,
      0,
      0,
      0,
      0,
      0,
      0,
      1,
      0,
      2,
      0,
      0,
      0,
      0,
      0,
      0,
      0,
      0,
      0,
      1,
      0,
      0,
      0,
      0,
      0,
      0,
      0,
      0,
      1,
      1,
      0,
      0,
      0,
      0,
      0,
      0,
      0,
      0,
      2,
      0,
      0,
      0,
      0,
      0,
      0,
      0,
      0,
      0,
      0,
      0,
      0,
      0,
      0
    ]
  },
  {
    "route": "/_document",
    "vector": [
      0,
      0,
      0,
      0,
      0,
      0,
      0,
      0,
      0,
      0,
      0,
      0,
      0,
      0,
      0,
      0,
      0,
      0,
      0,
      0,
      0,
      0,
      0,
      0,
      0,
      0,
      0,
      0,
      0,
      0,
      0,
      0,
      0,
      0,
      0,
      0,
      0,
      0,
      0,
      0,
      0,
      0,
      0,
      0,
      0,
      0,
      0,
      0,
      0,
      0,
      0,
      0,
      0,
      0,
      0,
      0,
      0,
      0,
      0,
      0,
      0,
      0,
      0,
      0,
      0,
      0,
      0,
      0,
      0,
      0,
      0,
      0,
      0,
      1,
      0,
      0,
      0,
      0,
      0,
      0,
      0,
      0,
      0,
      0,
      0,
      0,
      0,
      0,
      0,
      0,
      0,
      0,
      0,
      0,
      0,
      0,
      0,
      0,
      0,
      0,
      0,
      0,
      0,
      0,
      0,
      0,
      0,
      0,
      0,
      0,
      0,
      0,
      0,
      0,
      0,
      0,
      0,
      1,
      0,
      0,
      0,
      0,
      0,
      0,
      0,
      0,
      0,
      0,
      0,
      0,
      0,
      0,
      0,
      0,
      0,
      0,
      0,
      0,
      0,
      0,
      0,
      0,
      0,
      0,
      0,
      0,
      0,
      0,
      0,
      0,
      0,
      0,
      0,
      0,
      0,
      0,
      0,
      0,
      0,
      0,
      0,
      0,
      0,
      0,
      0,
      0,
      0,
      0,
      0,
      0,
      0,
      0,
      0,
      0,
      0,
      0,
      0,
      0,
      0,
      1,
      0,
      0,
      0,
      0,
      0,
      0,
      0,
      0,
      0,
      0,
      0,
      0,
      0,
      0,
      0,
      0,
      0,
      0,
      0,
      0,
      0,
      0,
      0,
      0,
      0,
      0,
      0,
      0,
      0,
      0,
      0,
      0,
      4,
      0,
      0,
      0,
      0,
      0,
      0,
      0,
      0,
      0,
      1,
      0,
      0,
      0,
      0,
      0,
      0,
      0,
      0,
      0,
      1,
      0,
      0,
      0,
      0,
      0,
      0,
      0,
      0,
      2,
      0,
      0,
      0,
      0,
      0,
      0,
      0,
      0,
      0,
      0,
      0,
      0,
      0,
      0
    ]
  },
  {
>>>>>>> d90ff5f58ffc6a0718ebaaf076582d55e112dfc3
>>>>>>> d90ff5f58ffc6a0718ebaaf076582d55e112dfc3
      0,
      0,
      0,
      1,
      0,
      0,
      1,
      0,
      1,
      0,
      1,
      2,
      4,
      1,
      4,
      1,
      0,
      0,
      1,
      0,
      3,
      2,
      0,
      0,
      0,
      0,
      1,
      0,
      1,
      7,
      1,
      3,
      0,
      2,
      0,
      1,
      0,
      0,
      1,
      0,
      0,
      2,
      0,
      0,
      2,
      0,
      0,
      1,
      2,
      1,
      1,
      1,
      1,
      2,
      0,
      0,
      1,
      0,
      2,
      0,
      0,
      0,
      0,
      1,
      0,
      0,
      1,
      1,
      3,
      0,
      0,
      0,
      0,
      0,
      0,
      0,
      1,
      0,
      0,
      1,
      2,
      2,
      0,
      2,
      1,
      0,
      0,
      0,
      0,
      3,
      0,
      0,
      0,
      7,
      0,
      5,
      0,
      0,
      0,
      0,
      0,
      2,
      0,
      2,
      0,
      2,
      1,
      0,
      0,
      0,
      0,
      3,
      0,
      0,
      1,
      0,
      1,
      1,
      0,
      1,
      0,
      4,
      0,
      0,
      0,
      2,
      0,
      0,
      0,
      0,
      5,
      0,
      1,
      0,
      2,
      1,
      0,
      2,
      0,
      0,
      0,
      1,
      4,
      0,
      2,
      1,
      2,
      0,
      2,
      0,
      0,
      1,
      0,
      0,
      0,
      1,
      3,
      0,
      1,
      1,
      0,
      1,
      5,
      0,
      0,
      0,
      0,
      1,
      0,
      0,
      0,
      2,
      0,
      0,
      0,
      0,
      0,
      0,
      4,
      0,
      2,
      0,
      1,
      0,
      0,
      1,
      0,
      1,
      10,
      0,
      0,
      0,
      0,
      2,
      0,
      2,
      0,
      0,
      2,
      0,
      4,
      0,
      2,
      0,
      1,
      1,
      0,
      0,
      2,
      0,
      3,
      1,
      0,
      2,
      0,
      0,
      1,
      1,
      0,
      0,
      5,
      0,
      0,
      1,
      0,
      1,
      2,
      1,
      6,
      1,
      1,
      0
    ]
  },
  {
    "route": "/contact",
=======
      3,      0,
>>>>>>> cursor/fix-syntax-push-and-merge-to-main-9381
      4,
      0,
      0,
      0,
      5,
      1,
      0,
      3,      0,
      4,
      0,
      0,
      0,
      5,
      1,      0,
>>>>>>> 617173e841967edd88c5e950f96f9a711d564d88
>>>>>>> d90ff5f58ffc6a0718ebaaf076582d55e112dfc3
      0,
      0,
      4,
      0,
      0,
      0,
>>>>>>> d90ff5f58ffc6a0718ebaaf076582d55e112dfc3
>>>>>>> d90ff5f58ffc6a0718ebaaf076582d55e112dfc3
      0,
      0,
      0,
      4,
<<<<<<< HEAD
>>>>>>> d90ff5f58ffc6a0718ebaaf076582d55e112dfc3
>>>>>>> d90ff5f58ffc6a0718ebaaf076582d55e112dfc3
      2,
      3,
      0,
      1,
      0,
<<<<<<< HEAD
>>>>>>> d90ff5f58ffc6a0718ebaaf076582d55e112dfc3
      0,
      0,
      0,
      1,
      0,      0,
      0,
      0,
      1,
>>>>>>> 617173e841967edd88c5e950f96f9a711d564d88
>>>>>>> d90ff5f58ffc6a0718ebaaf076582d55e112dfc3
>>>>>>> d90ff5f58ffc6a0718ebaaf076582d55e112dfc3
>>>>>>> d90ff5f58ffc6a0718ebaaf076582d55e112dfc3
      0,
      0,
      0,
      3,
      0,
      0,
>>>>>>> d90ff5f58ffc6a0718ebaaf076582d55e112dfc3
      2,
      0,
      0,
      0,
      2,
      4,
      0,
      0,
      4,
      1,
      4,
      0,
      1,
      0,
      1,
      0,
      1,
      0,
      2,
      0,
      2,
      0,
>>>>>>> origin/cursor/expand-services-and-deploy-updates-4816
  },
  {
    "route": "/",
    "vector": [
      3,
      0,
      0,
      1,
      1,
      1,
      1,
      0,
      0,
      13,
      0,
      0,
      2,
      0,
      0,
      0,
      0,
      0,
      0,
      0,
      0,
      1,
      0,
      0,
      0,
      0,
      0,
      1,
      1,
      0,
      0,
      0,
      1,
      0,
      0,
      1,
      1,
      0,
      3,
      0,
      0,
      0,
      0,
      0,
      2,
      0,
      0,
      0,
      2,
      3,
      0,
      0,
      0,
      4,
      0,
      1,
      0,
      3,
      0,
      0,
      2,
      0,
      0,
      0,
      0,
      0,
      0,
      0,
      0,
      0,
      2,
      0,
      0,
      1,
      4,
      1,
      0,
      1,
      0,
      3,
      0,
      0,
      0,
      0,
      0,
      0,
      1,
      2,
      0,
      1,
      0,
      1,
      2,
      0,
      2,
      0,
      1,
      0,
      0,
      0,
      0,
      1,
      1,
      0,
      1,
      7,
      0,
      3,
      1,
      0,
      0,
      0,
      0,
      4,
      0,
      0,
      3,
      9,
      0,
      7,
      1,
      0,
      0,
      2,
      0,
      1,
      0,
      0,
      2,
      0,
      2,
      0,
      0,
      0,
      0,
      0,
      0,
      3,
      0,
      3,
      3,
      1,
      0,
      0,
      0,
      1,
      0,
      0,
      4,
      4,
      1,
      0,
      0,
      0,
      0,
      0,
      1,
      1,
      1,
      1,
      0,
      0,
      0,
      0,
      0,
      0,
      7,
      0,
      0,
      0,
      2,
      0,
      0,
      0,
      0,
      6,
      0,
      0,
      2,
      1,
      0,
      3,
      0,
      1,
      0,
      0,
      0,
      1,
      0,
      0,
      1,
      2,
      0,
      0,
      2,
      2,
      0,
      0,
      0,
      0,
      0,
      3,
      2,
      0,
      1,
      0,
      1,
      0,
      0,
      0,
      0,
      0,
      12,
      0,
      0,
      1,
      0,
      0,
      0,
      1,
      0,
      0,
      1,
      0,
      1,
      0,
      0,
      0,
      0,
      0,
      0,
      1,
      1,
      0,
      0,
      0,
      1,
      0,
      0,
      0,
      0,
      2,
      0,
      0,
      3,
      0,
      0,
      0,
      0,
      0,
      1,
      1,
      0,
      0,
      0,
      0
    ]
  },
  {
    "route": "/pricing-2025",
    "vector": [
      0,
      0,
      1,
      1,
      1,
      0,
      1,
      0,
      0,
      2,
      0,
      0,
      1,
      0,
      1,
      0,
      1,
      0,
      0,
      0,
      0,
      0,
      0,
      0,
      0,
      0,
      0,
      0,
      0,
      0,
      0,
      0,
      0,
      0,
      0,
      5,
      0,
      1,
      4,
      1,
      0,
      0,
      0,
      0,
      1,
      2,
      0,
      0,
      0,
      1,
      0,
      0,
      0,
      7,
      1,
      0,
      1,
      1,
      0,
      1,
      0,
      0,
      0,
      0,
      0,
      1,
      0,
      0,
      0,
      0,
      0,
      1,
      1,
      1,
      0,
      0,
      0,
      5,
      0,
      0,
      1,
      1,
      0,
      0,
      0,
      0,
      0,
      2,
      0,
      2,
      1,
      1,
      3,
      0,
      0,
      0,
      0,
      0,
      0,
      0,
      2,
      0,
      0,
      2,
      1,
      2,
      2,
      0,
      2,
      0,
      1,
      0,
      0,
      4,
      0,
      0,
      0,
      7,
      0,
      4,
      0,
      0,
      0,
      0,
      2,
      0,
      0,
      1,
      0,
      2,
      1,
      0,
      1,
      0,
      0,
      1,
      0,
      0,
      1,
      0,
      1,
      0,
      0,
      1,
      2,
      3,
      0,
      0,
      0,
      2,
      0,
      0,
      0,
      0,
      2,
      0,
      0,
      0,
      1,
      1,
      0,
      2,
      0,
      0,
      0,
      1,
      3,
      0,
      0,
      2,
      0,
      1,
      1,
      0,
      0,
      0,
      0,
      1,
      0,
      1,
      1,
      0,
      3,
      2,
      0,
      0,
      2,
      0,
      1,
      0,
      0,
      1,
      0,
      1,
      4,
      2,
      2,
      0,
      0,
      0,
      0,
      0,
      2,
      0,
      2,
      0,
      0,
      0,
      0,
      0,
      0,
      1,
      11,
      0,
      1,
      1,
      0,
      3,
      0,
      1,
      0,
      1,
      2,
      0,
      1,
      0,
      1,
      0,
      1,
      0,
      0,
      0,
      2,
      0,
      1,
      0,
      0,
      2,
      0,
      0,
      1,
      1,
      1,
      0,
      2,
      0,
      0,
      1,
      1,
      0,
      2,
      1,
      3,
      0,
      1,
      0
    ]
  },
  {
    "route": "/resources",
    "vector": [
      1,
      0,
    "route": "/resources",
    "vector": [
      1,      0,
>>>>>>> 617173e841967edd88c5e950f96f9a711d564d88
<<<<<<< HEAD
>>>>>>> d90ff5f58ffc6a0718ebaaf076582d55e112dfc3
      0,
      1,
      1,
      1,
<<<<<<< HEAD
      1,
      0,
      0,
      3,
      1,
      0,
      2,
      0,
      1,
      1,
      0,
      0,
      0,
      3,
      1,
      1,
      0,
      0,
      1,
      1,
      0,
      2,
      2,
      0,
>>>>>>> origin/cursor/expand-services-and-deploy-updates-4816
>>>>>>> d90ff5f58ffc6a0718ebaaf076582d55e112dfc3
>>>>>>> d90ff5f58ffc6a0718ebaaf076582d55e112dfc3
>>>>>>> d90ff5f58ffc6a0718ebaaf076582d55e112dfc3
      11,
      0,
      0,
      0,
>>>>>>> d90ff5f58ffc6a0718ebaaf076582d55e112dfc3
>>>>>>> d90ff5f58ffc6a0718ebaaf076582d55e112dfc3
      0,
      0,
      0,
      0,
      0,
      0,
<<<<<<< HEAD
>>>>>>> d90ff5f58ffc6a0718ebaaf076582d55e112dfc3
      0,
      0,      0,
>>>>>>> 617173e841967edd88c5e950f96f9a711d564d88
<<<<<<< HEAD
>>>>>>> d90ff5f58ffc6a0718ebaaf076582d55e112dfc3
      0,
      5,
      0,
      0,
      0,
      1,
<<<<<<< HEAD
>>>>>>> d90ff5f58ffc6a0718ebaaf076582d55e112dfc3
      0,
      0,
      2,
      1,
      0,      0,
      0,
      2,
      1,
>>>>>>> 617173e841967edd88c5e950f96f9a711d564d88
>>>>>>> d90ff5f58ffc6a0718ebaaf076582d55e112dfc3
  }
]
